"TOA5","23537","CR1000X","23537","CR1000X.Std.05.01","CPU:9958303_PGIA_11_03_2022.cr1x","57965","T_5min2"
"TIMESTAMP","RECORD","DwPt_C","WtBb_C","HI_C","WC_C","SVP_2","WR_km_Tot","Raintex_mm__Tot","Rainhobo_mm_Tot","AirT_C_H2S3","Slr_MJ_Tot","Slr2_Wms","Slr2_MJ_Tot","Slr3_10m_wms","Rain10m_mm_Tot","BP_mbar_10m","RH_10m","Slr_10m_MJ_Tot"
"TS","RN","Deg C","Deg C","Deg C","Deg C","mbar","kilometers","mm","mm","Deg C","MJ/m^2","W/m^2","MJ/m^2","W/m^2","mm","mbar","%","MJ/m^2"
"","","Smp","Smp","Smp","Smp","Smp","Tot","Tot","Tot","Smp","Tot","Smp","Tot","Smp","Tot","Smp","Smp","Tot"
"2023-02-06 00:10:00",91990,18.45,18.45,18.45,18.45,21.22,0,0,0,20.19,0,0,1.641661E-08,0,0,1018.401,0.931,0
"2023-02-06 00:15:00",91991,18.37,18.37,18.37,18.37,21.11,0,0,0,20.15,0,0,8.521322E-09,0,0,1018.301,0.934,0
"2023-02-06 00:20:00",91992,18.29,18.29,18.29,18.29,21.01,0,0,0,20.09,0,0,1.062795E-08,0,0,1018.401,0.945,0
"2023-02-06 00:25:00",91993,18.31,18.31,18.31,18.31,21.03,0,0,0,20.25,0,0.001,2.015579E-08,0,0,1018.301,0.938,0
"2023-02-06 00:30:00",91994,18.27,18.27,18.27,18.27,20.98,0,0,0,20.18,0,0.003,2.093864E-08,0,0,1018.201,0.943,0
"2023-02-06 00:35:00",91995,18.2,18.2,18.2,18.2,20.89,0,0,0,20.04,0,0,8.806992E-09,0,0,1018.201,0.941,0
"2023-02-06 00:40:00",91996,18.26,18.26,18.26,18.26,20.97,0,0,0,20.42,1.134358E-06,0.001,2.171663E-08,0,0,1018.201,0.941,0
"2023-02-06 00:45:00",91997,18.31,18.31,18.31,18.31,21.04,0,0,0,20.42,0,0,1.542592E-08,0,0,1018.101,0.94,0
"2023-02-06 00:50:00",91998,18.34,18.34,18.34,18.34,21.07,0,0,0,20.37,0,0,2.006099E-08,0,0,1018.001,0.935,0
"2023-02-06 00:55:00",91999,18.38,18.38,18.38,18.38,21.12,0,0,0,20.44,0,0,1.279659E-08,0,0,1018.001,0.943,0
"2023-02-06 01:00:00",92000,18.38,18.38,18.38,18.38,21.13,0,0,0,20.31,0,0.002,1.48862E-08,0,0,1018.001,0.944,0
"2023-02-06 01:05:00",92001,18.43,18.43,18.43,18.43,21.19,0,0,0,20.28,0,0,1.555113E-08,0,0,1018.001,0.954,0
"2023-02-06 01:10:00",92002,18.5,18.5,18.5,18.5,21.28,0,0,0,20.41,0,0,1.208911E-08,0,0,1017.901,0.952,0
"2023-02-06 01:15:00",92003,18.44,18.44,18.44,18.44,21.2,0,0,0,20.13,0,0.001,1.591946E-08,0,0,1017.901,0.957,0
"2023-02-06 01:20:00",92004,18.37,18.37,18.37,18.37,21.11,0,0,0,20.11,0,0.002,1.545388E-08,0,0,1017.801,0.946,0
"2023-02-06 01:25:00",92005,18.38,18.38,18.38,18.38,21.12,0,0,0,20.24,0,0.001,1.943982E-08,0,0,1017.801,0.943,0
"2023-02-06 01:30:00",92006,18.35,18.35,18.35,18.35,21.09,0,0,0,20.15,0,0,1.407297E-08,0,0,1017.801,0.96,0
"2023-02-06 01:35:00",92007,18.27,18.27,18.27,18.27,20.98,0,0,0,19.92,0,0,8.359661E-09,0,0,1017.801,0.965,0
"2023-02-06 01:40:00",92008,18.19,18.19,18.19,18.19,20.87,0,0,0,19.86,0,0,1.679347E-08,0,0,1017.801,0.965,0
"2023-02-06 01:45:00",92009,18.12,18.12,18.12,18.12,20.78,0,0,0,19.83,0,0.001,9.293239E-09,0,0,1017.701,0.958,0
"2023-02-06 01:50:00",92010,18.07,18.07,18.07,18.07,20.71,0,0,0,19.7,0,0.001,1.138164E-08,0,0,1017.601,0.958,0
"2023-02-06 01:55:00",92011,18.07,18.07,18.07,18.07,20.72,0,0,0,19.78,0,0,4.327527E-09,0,0,1017.701,0.95,0
"2023-02-06 02:00:00",92012,18.08,18.08,18.08,18.08,20.74,0,0,0,19.75,0,0.001,9.965467E-09,0,0,1017.701,0.958,0
"2023-02-06 02:05:00",92013,18.09,18.09,18.09,18.09,20.74,0,0,0,19.82,0,0,1.831419E-08,0,0,1017.601,0.954,0
"2023-02-06 02:10:00",92014,18.1,18.1,18.1,18.1,20.76,0,0,0,19.81,0,0.002,1.45896E-08,0,0,1017.501,0.951,0
"2023-02-06 02:15:00",92015,18.11,18.11,18.11,18.11,20.78,0,0,0,19.79,0,0,1.039944E-08,0,0,1017.501,0.951,0
"2023-02-06 02:20:00",92016,18.1,18.1,18.1,18.1,20.75,0,0,0,19.73,0,0,6.362437E-09,0,0,1017.401,0.956,0
"2023-02-06 02:25:00",92017,18.04,18.04,18.04,18.04,20.69,0,0,0,19.73,0,0.002,1.894752E-08,0,0,1017.401,0.959,0
"2023-02-06 02:30:00",92018,18.02,18.02,18.02,18.02,20.65,0,0,0,19.67,0,0,1.368277E-08,0,0,1017.301,0.957,0
"2023-02-06 02:35:00",92019,17.96,17.96,17.96,17.96,20.58,0,0,0,19.63,0,0.001,9.152235E-09,0,0,1017.301,0.958,0
"2023-02-06 02:40:00",92020,17.93,17.93,17.93,17.93,20.54,0,0,0,19.61,0,0,1.130506E-08,0,0,1017.301,0.957,0
"2023-02-06 02:45:00",92021,17.89,17.89,17.89,17.89,20.49,0,0,0,19.6,0,0.002,1.677525E-08,0,0,1017.301,0.962,0
"2023-02-06 02:50:00",92022,17.84,17.84,17.84,17.84,20.42,0,0,0,19.5,0,0,1.226538E-08,0,0,1017.301,0.961,0
"2023-02-06 02:55:00",92023,17.81,17.81,17.81,17.81,20.39,0,0,0,19.5,0,0.001,1.47525E-08,0,0,1017.301,0.959,0
"2023-02-06 03:00:00",92024,17.77,17.77,17.77,17.77,20.33,0,0,0,19.44,0,0,8.123841E-09,0,0,1017.301,0.958,0
"2023-02-06 03:05:00",92025,17.77,17.77,17.77,17.77,20.34,0,0,0,19.47,0,0.001,1.084314E-08,0,0,1017.301,0.952,0
"2023-02-06 03:10:00",92026,17.84,17.84,17.84,17.84,20.43,0,0,0,19.54,0,0,9.487746E-09,0,0,1017.301,0.946,0
"2023-02-06 03:15:00",92027,17.94,17.94,17.94,17.94,20.56,0,0,0,19.62,0,0.001,6.697948E-09,0,0,1017.501,0.959,0
"2023-02-06 03:20:00",92028,17.89,17.89,17.89,17.89,20.49,0,0,0,19.47,0,0,7.697169E-09,0,0,1017.501,0.966,0
"2023-02-06 03:25:00",92029,17.89,17.89,17.89,17.89,20.49,0,0,0,19.54,0,0,1.533235E-08,0,0,1017.501,0.96,0
"2023-02-06 03:30:00",92030,17.88,17.88,17.88,17.88,20.47,0,0,0,19.48,0,0,9.352814E-09,0,0,1017.601,0.959,0
"2023-02-06 03:35:00",92031,17.91,17.91,17.91,17.91,20.51,0,0,0,19.55,0,0.002,1.766264E-08,0,0,1017.601,0.962,0
"2023-02-06 03:40:00",92032,17.97,17.97,17.97,17.97,20.59,0,0,0,19.55,0,0,2.089249E-08,0,0,1017.601,0.961,0
"2023-02-06 03:45:00",92033,17.97,17.97,17.97,17.97,20.59,0,0,0,19.54,0,0,8.647765E-09,0,0,1017.601,0.963,0
"2023-02-06 03:50:00",92034,17.95,17.95,17.95,17.95,20.57,0,0,0,19.51,0,0.001,1.179616E-08,0,0,1017.601,0.964,0
"2023-02-06 03:55:00",92035,17.97,17.97,17.97,17.97,20.59,0,0,0,19.54,0,0,8.091019E-09,0,0,1017.601,0.963,0
"2023-02-06 04:00:00",92036,18,18,18,18,20.62,0,0,0,19.56,0,0,7.269276E-09,0,0,1017.601,0.966,0
"2023-02-06 04:05:00",92037,18.01,18.01,18.01,18.01,20.64,0,0,0,19.54,0,0,1.157614E-08,0,0,1017.601,0.963,0
"2023-02-06 04:10:00",92038,18.02,18.02,18.02,18.02,20.65,0,0,0,19.61,0,0,8.233243E-09,0,0,1017.601,0.965,0
"2023-02-06 04:15:00",92039,18.07,18.07,18.07,18.07,20.71,0,0.1,0,19.7,0,0,1.505031E-08,0,0,1017.601,0.964,0
"2023-02-06 04:20:00",92040,18.11,18.11,18.11,18.11,20.77,0,0,0,19.71,0,0,1.023533E-08,0,0,1017.601,0.963,0
"2023-02-06 04:25:00",92041,18.15,18.15,18.15,18.15,20.82,0,0,0,19.77,0,0.001,4.876977E-09,0,0,1017.601,0.962,0
"2023-02-06 04:30:00",92042,18.21,18.21,18.21,18.21,20.9,0,0,0,19.8,0,0.001,7.506315E-09,0,0,1017.601,0.962,0
"2023-02-06 04:35:00",92043,18.25,18.25,18.25,18.25,20.96,0,0,0,19.79,0,0,1.660506E-09,0,0,1017.701,0.963,0
"2023-02-06 04:40:00",92044,18.32,18.32,18.32,18.32,21.05,0,0,0,19.86,0,0,2.166194E-09,0,0,1017.701,0.961,0
"2023-02-06 04:45:00",92045,18.43,18.43,18.43,18.43,21.19,0,0,0,20.01,0,0,3.910576E-09,0,0,1017.801,0.962,0
"2023-02-06 04:50:00",92046,18.47,18.47,18.47,18.47,21.24,0,0,0,19.98,0,0,7.488076E-10,0,0,1017.801,0.964,0
"2023-02-06 04:55:00",92047,18.5,18.5,18.5,18.5,21.28,0,0,0,19.96,0,0,1.944955E-09,0,0,1017.701,0.965,0
"2023-02-06 05:00:00",92048,18.53,18.53,18.53,18.53,21.32,0,0,0,20.02,0,0.001,6.167936E-09,0,0,1017.801,0.966,0
"2023-02-06 05:05:00",92049,18.59,18.59,18.59,18.59,21.4,0,0,0,20.07,0,0,1.953463E-09,0,0,1017.801,0.966,0
"2023-02-06 05:10:00",92050,18.63,18.63,18.63,18.63,21.47,0,0,0,20.14,0,0,1.746811E-09,0,0,1017.801,0.967,0
"2023-02-06 05:15:00",92051,18.69,18.69,18.69,18.69,21.53,0,0,0,20.16,0,0,3.090045E-09,0,0,1017.901,0.966,0
"2023-02-06 05:20:00",92052,18.7,18.7,18.7,18.7,21.56,0,0,0,20.13,0,0,1.644701E-09,0,0,1018.001,0.97,0
"2023-02-06 05:25:00",92053,18.72,18.72,18.72,18.72,21.57,0,0,0,20.18,2.648352E-08,0,1.56204E-09,0,0,1018.001,0.97,0
"2023-02-06 05:30:00",92054,18.73,18.73,18.73,18.73,21.6,0,0,0,20.13,0,0,5.472611E-09,0,0,1018.001,0.972,0
"2023-02-06 05:35:00",92055,18.76,18.76,18.76,18.76,21.63,0,0,0,20.17,3.778177E-08,0,1.283669E-09,0,0,1018.001,0.97,0
"2023-02-06 05:40:00",92056,18.8,18.8,18.8,18.8,21.69,0,0,0,20.27,1.137686E-07,0,3.480249E-09,0,0,1018.101,0.971,0
"2023-02-06 05:45:00",92057,18.85,18.85,18.85,18.85,21.75,0,0,0,20.31,2.106113E-07,0,3.088826E-09,0,0,1018.201,0.973,0
"2023-02-06 05:50:00",92058,18.87,18.87,18.87,18.87,21.79,0,0,0,20.32,1.41958E-07,0,5.11036E-09,0,0,1018.101,0.968,0
"2023-02-06 05:55:00",92059,18.89,18.89,18.89,18.89,21.82,0,0,0,20.28,2.912105E-07,0.001,1.886603E-08,0,0,1018.201,0.97,0
"2023-02-06 06:00:00",92060,18.9,18.9,18.9,18.9,21.83,0,0,0,20.28,1.692146E-08,0.007,8.617958E-08,0,0,1018.301,0.97,0
"2023-02-06 06:05:00",92061,18.95,18.95,18.95,18.95,21.89,0,0,0,20.33,9.442111E-07,0.04,5.198902E-07,0,0,1018.501,0.967,0
